0.4168659350477614 -0.594291700192537 -0.6333990657199532 0.3405627443809932 -0.07446524545128606 0.08272884314568224 0.43412139497837193 0.17167275139034643 -2.216961488090522 0.36240503561083437
0.1865620994722901 0.2222200604903913 -0.3011048754680384 -0.36052209751892433 -0.48062418565393145 0.07170431488935601 0.3180647465076629 0.20050737204240576 1.8287232651736602 -0.7068582498197196
0.8008165422619741 -0.2844926311528487 -0.22323519749354234 0.5560261043672332 -0.028465287502557196 -0.02144040418102194 -0.22658781295281014 0.4356571177191147 1.1141904016434148 -0.46507674454704007
-0.13543153802211896 0.18085845814055881 -0.04531071390130276 0.09751389122917445 0.2428095480983808 0.38397425261991003 0.41504088584909477 0.21644904469730392 1.6887039823632184 -0.197711713120112
-0.33852084669758764 -0.07501723811485399 0.14548812597240465 0.32644032935054085 -0.3564776735219968 0.8167032850204526 -0.19063618618676687 -0.04550966594881186 1.736433765514307 -0.15634466415041273
0.13629785579511258 -0.02494833158804604 0.4957775292117723 0.038969518860610126 -0.06190847265361814
-0.2152586441859898 0.02717859980122911 -0.27955603404427976 0.26664301065977525 -0.211155729612531
-0.37292166367936525 -0.3008848356090151 -0.09225435814151016 0.03656781205283338 -0.12052066148661952
0.07425300617209171 -0.3823001622655263 0.4648720250074571 0.09165166218689862 0.23593746726973952
-0.09083851022589658 -0.8048957313979664 0.22321295387503656 0.950198687102247 -0.45639842326633223
0.4701476177407863 -0.2552874304469848 -0.3321218379163019 0.372648664214357 0.6695729283671368
0.40852460086250214 0.3178621045159781 -0.306986046096994 0.7593338796290416 -0.28418457461459035
-0.11058461202089347 0.09803449482309573 -0.10803194012181487 0.36261980192554505 -0.5964525987623416
-0.17272122340237275 0.06969967382941437 0.16126061790067864 0.12934380169763454 0.07491012390863348
-0.10045235726131696 -0.21872958509093882 -0.0852231924313691 0.2039360432452347 0.12225516320598735
-0.45520064418177825 0.19951905805950526 -0.5453441298105144 0.17862441322662548 -0.1478980432607312
0.4104867769489332 -0.43804365699480635 -0.18770757010441477 0.18130691317615258 0.014911851856073449 0.16681580266830473 -0.2838649394650103 -0.1863988069098723 0.02814134007490533 0.14466473467662413
