-0.08376020722442515 0.008891701191940266 0.3288199466736995 0.10328335377803408 0.32197927181936065 -0.06437532530989315 -0.45437780301036756 -0.06616185367496481 -0.03255756844114314 0.13393855663254162
-0.06450730193817857 0.07412451858264431 0.1876631770001857 -0.11810078374696882 0.511354227193863 -0.10659148615890907 0.09721924353539609 0.28036121747966547 -0.19626270027528905 0.01336220631449178
0.4441016037359041 -0.6038042284551829 -0.36093847193164746 0.21068380783884316 0.10314781321781281 0.038078770923845325 0.02174945179239184 -0.09225046526654741 -0.5169247394617716 -0.324372633503345
0.3652007007405024 -0.0742661540430962 -0.31378761058130417 0.24282639491769376 -0.18556739701928635 -0.19843833478099904 0.15450109407561705 -0.03205351990782735 0.3036111295465548 -0.11131459044549274
-0.11620702612332466 -0.15901720300722222 0.11597454820835272 0.0021757123829111505 0.30948202860048457 0.39274145153007317 -0.09835515748469136 -0.09621120952264778 -0.3573603700498194 0.05876511438494971
0.24907703079406193 0.2619402920423289 0.18628352262438475 1.0266343981758945 0.1954867915061294
-0.17691353651371602 0.26279329858747175 -0.6206631412836501 0.25556226062746157 0.11491701069723492
0.5193919693138545 0.04564519300636929 -0.09213242317779007 -0.5001069430314824 -0.2977830356035983
0.5617209809388275 -0.04547216541352847 -0.27277590053326944 1.56675545716286 1.0565572302152515
0.3619925121732274 1.2401965827933588 -0.36551451192802636 1.4412678430844086 1.298202217094415
-0.6619042427627544 -0.4040834759325147 -0.7125474496640287 0.9385827043003112 2.330406603782969
-1.3283373881989122 0.7840679571436837 -0.4446374598579422 0.7979584630862011 0.8542174944002977
-0.30654598453231946 0.8211326519388327 0.09217284104416616 -0.26942376828565306 -0.6304493516544523
0.226222945017903 -0.0010839980935790448 -0.909056074005474 1.6311168261984743 0.7488064161432642
0.13325670408200313 -0.04316431659821259 -0.5541280252659945 0.6045071981440095 0.8021894501309501
0.14437432566863287 -0.25991064245203077 0.0021814487311342975 0.12293536642972429 -0.43370140026055165
0.09568098789405063 0.0007798316648170054 -0.16071701476475517 0.015169578100901396 0.6500089126649056 0.9181178476065697 0.6173316503619042 0.09485303963496972 0.1472931506799239 0.4190164789757668
