1.8703201635133513 -1.220054202793846 -2.336105704183722 1.1590427888217185 1.1608691715915496 0.009179212672372258 0.8420053167106186 0.4876288011817951 0.040587969578930246 0.8980136128066215
0.1294643676276329 -1.2526174297333437 0.06997972537131793 -0.9063513458866844 0.9467978354895201 1.1841797717087044 0.6903791288903315 0.24207986606986748 -1.4350656835201638 -0.6646406745841849
0.444812264807127 -1.8388949077526158 -0.16525430628318158 -0.9839304178264456 -0.3121341465809225 0.7983527581025502 0.20000001768307804 0.11849609283861791 -1.3748809059270317 -1.3002991112802889
1.5619442639776933 -2.229906811573504 -0.08576438436834169 -0.6091192600615914 0.45463791375810564 0.48693541941937746 -0.749766507531503 -0.2394405737546835 -1.7877699856644265 -1.1083508151905526
-0.8458381496941039 1.5685531566083326 -0.3217949426217896 1.147542374092736 0.29090172535428416 1.2575915917529863 0.8878788105410338 0.1921560017181141 1.3722484286098842 1.5861024514431228
0.16633878182125011 -0.10996047066804243 -0.024191159330926165 0.02424614121029874 -0.06907958002057527
0.030445076992483396 0.14665075593285204 -0.08377191994541525 -0.2151334433618121 -0.05849934843631506
-0.1700757544560674 0.18607969966984308 -0.40675992086954843 0.14707946054378745 -0.046762581929901036
0.10842474831254241 -0.17791326871779992 -0.1267651187665098 0.36181403918132027 0.23090914516123617
0.06745352798906497 0.5745324801959111 -0.7802439259132994 0.14162825536082624 -0.13501599144993592
-0.12969463695864344 -0.11089621300095631 0.2633038472231306 0.32178151382969844 0.5358165164174095
0.21887161461959176 0.22027398149819213 0.2936532541361936 -0.5585228592460829 -0.12491185308465114
0.11211430193607642 0.3763783635762161 -0.17544881638830917 -0.41132049322023023 -0.366142111050752
0.050490821411840685 -0.24355780098077257 0.010066583455814397 -0.06568870471942771 0.08019642666283266
-0.12194483209832173 0.003920388530251796 -0.14401822022916286 0.13416197149179 0.1300721071827009
-1.205070580122294 -0.0643786599944398 0.11640460805450126 -0.9508881627461434 -0.7525263426261409
0.23042408725923594 -0.3340943174101682 -0.001530686482648605 0.29261633340623827 0.18133485795211546 0.534901666942737 -0.46968826460707913 -0.3748036673291275 0.16346494698840708 0.418385489605405
