-0.6030755902596833 0.4815987742240272 -1.3235621101848858 -0.5650648071504183 -1.9587552871373317 0.12890434801954778 1.1312485079355385 -0.05204866726654406 -0.5991292754394264 -1.5703935489059042
-0.10124570761827563 -0.165822831753551 -1.325158758261457 -0.07801135488380023 -2.198896996108662 -0.1496458419627204 0.1556893164327969 0.1155747094604862 -0.8736354424449306 -1.9266264888631697
0.6751719286301049 0.14069651149292467 0.8095337499700566 0.42454117302676453 1.7374511621947792 -0.49255800519702264 -0.22427709676625243 0.03056291220839567 1.2394974838604882 1.3423247816514383
-2.3895815511997895 0.6485370575207346 1.5168535646167245 -0.32577575223739286 -0.8633933897289991 -1.005489321093398 -0.5227579762697016 0.5644372101079059 0.15160107650817212 1.38537958473632
-2.6257832080946772 0.9035106309465472 1.2870395941396455 -0.0317854904794715 -1.3744339736627098 -0.5103921099390445 -0.3438655064739415 -0.06435911115415235 0.8566048606462102 1.6833569715355183
-0.05083223490507213 0.2668654479596284 0.27912795775518184 -0.10033940938619039 -0.02704334922561095
0.2958148855544573 -0.08454244576264956 0.27769936987408567 0.0835572847620689 0.03795260170179512
-0.1301465697231079 -0.07317015478894363 -0.11502548608525297 0.192928559335561 -0.0651882185100957
-0.22800817395437067 0.2516615278933419 0.15972060272973873 -0.3348677794397457 0.2416774644642347
0.08072777308770189 -0.3727248785949172 -0.038115879724275104 0.21858038037244543 -0.33793369544042773
-0.02555384610838359 -0.5768081996360567 -0.6707260294285537 -0.5333098864815435 0.3743795908630482
0.6974028237188723 -0.4672694187503015 0.16355218960268783 0.037201325751404474 -0.18009479196166298
0.36835349506200976 -0.12638161020644306 0.25014876319577545 0.41817895891390294 -0.40402662188985194
0.16042976659045186 0.19775304265708019 0.5548705187244207 -0.3182040787356953 0.37249607557145115
-0.009467062874461021 -0.15294114297185998 -0.09590255815390507 -0.15611369716351323 0.1844410577746899
-0.0868633694079769 -0.2809993736828274 0.297017434610522 0.018900384729890432 -0.43337786269035594
0.056409041075843255 -0.1515968640485801 -0.12616120535723344 -0.08050385856131492 -0.31817893116691853 0.24105295516086417 -0.24156833285402707 -0.16533621645196553 0.1317336338223096 0.20925564681582712
