0.5172469866265873 -0.42279545609726954 -0.42877119449260476 0.4114610780546632 0.15400471126025655 0.19030398509676466 0.18228378453011618 -0.15094356938615092 -0.07904671283199056 -0.17042507959998981
-0.18671242604147845 0.09848568271053242 -0.17902142206399196 -0.043202961011374115 -0.613470037850716 0.45105830471920816 0.13862622497587196 -0.30000224233708156 0.2429763690379305 0.10343362674907779
0.09361058887835062 -0.13635909002825597 -0.28370737981113636 -0.30037953218910235 -0.5670097227751619 -0.43256368339789764 0.2190205128652842 0.18043792197073713 -0.2371782296431663 -0.3499372254314493
-0.16586187152229395 0.12714519666280447 -0.09624623827030207 -0.2590078179592332 0.29239192682656956 0.41025671614825054 0.6776498470417189 0.26496047505104464 -0.20843819786840717 0.01679894951460063
0.22230844754666299 0.344125717194494 -0.14115573590877611 0.19490304239583744 0.0011992914460787125 -0.2732447284809781 0.33085035227085247 0.15442461196883753 0.7190309328584884 0.09194440037561073
0.5292940801459812 -0.2011192613037236 0.09754687464499817 -0.16318280517039624 0.23025123691285976
-0.45106678329447714 0.06327300591932221 -0.11764257427295677 0.14364152059665009 0.36433979490350116
-0.4489476778816871 -0.20101428308048477 -0.27625579711231124 -0.09655748852520743 -0.1332318216810936
0.44012515523967194 0.005248864352035627 -0.3272778034911504 -0.2889922252943665 0.17491889891596238
0.12920367619350928 -0.705248383170636 -0.528036283511021 0.32229187051855107 0.04202294095475725
0.25140519520942417 0.6085264079321495 -0.49646927459261603 0.37623256376908387 -0.34115957545010683
0.16899034231748455 0.08651590275400402 0.2507909397136104 0.7269800426392887 0.36219246776503267
-0.19744114660411832 -0.4167805124037443 0.23624160298686567 0.3147690020637249 0.20924703039853493
-0.07452384141481137 0.2557005127937806 -0.2465832608283173 -0.2193188422001412 0.720307144229724
-0.16212889378417517 0.13645252213844408 -0.3654197163640976 0.005414905578642801 0.07745666779883517
-0.14927350775674958 -0.4971396630123634 0.17187599745998985 0.021115316540505125 0.19817047449951225
0.027044800930406395 -0.20506222348952616 -0.12476445157726443 -0.06556419853454144 -0.2613190236599098 0.5163660196888581 -0.1159700340098928 -0.2455423354703048 0.07566389331592059 0.27011879436509934
