-0.8764205017544753 -0.13426635793290584 -0.15837555739887982 -0.1819794116320419 -0.3217707023827929 -0.19487205264183166 0.1919721470229242 0.06092362572611994 1.6401404827328268 -0.4796120920860046
-1.4469571002908441 -0.13225508353141482 0.023546467086442216 0.6131128365963601 0.2897306382703758 0.5207218937389907 0.35176482444721774 -0.0015248347408695832 2.3097770803748823 0.23604509614761468
2.1476348230368902 0.30862118644144737 -0.19472630373203637 -0.2470697174216187 0.14197930496644645 -0.007891866666704528 0.4465132150051112 0.2751211319605799 -2.4386502000636865 -0.041487764819417634
-0.6769588935848342 -0.4255822971624524 -0.8640507473167137 0.9973903112138931 -1.0894132047730893 0.6500993830579037 -0.9421094140128915 -1.013587334755833 0.8345780775490624 1.4948010344065095
2.645228851047153 0.2340379156466442 -0.28357299272773445 -0.015287164756649934 0.3048820751408862 -0.6420812142156667 -0.6335733964887281 0.022964253701870264 -1.857264682115666 -0.13625547716081243
0.28368160959436295 0.290612525588222 0.24148000949593082 0.08090845088150217 0.36198124007248955
0.0653346140632926 0.04613715089366441 -0.1752238377951508 -0.16258714161930937 -0.09191994682566061
-0.41250674471319004 -0.17965117466455957 -0.5410322057421193 -0.16963850200871866 -0.00796460973888654
-0.19679962743641008 0.4261543392671756 0.0017168941868702333 0.10144969878996958 0.34444500763116753
-0.6853971663187198 0.5170354023523343 -0.16966115225389014 -0.26922017004392723 0.22990836964223335
-0.2828379037090816 0.19085856780131533 0.5466908267409597 0.27148180604666017 -0.4326836471342532
0.45023869294062574 0.32618529676495633 0.7657809166309617 -0.03850081893555616 -0.2669378326981933
0.15339583214663677 0.017679338649749392 -0.012363261784170866 -0.23762285640221442 0.0013898888626532623
0.47142939299573416 0.28604340101100956 -0.015563183123830973 0.023298289754410402 0.23342132964818005
-0.2908728951058074 0.13928508139323875 -0.1588616386150172 -0.03519318580197411 -0.03277261901482141
0.32890861213322786 0.03530924479706435 -0.4901090978675385 -0.1534594547995722 0.3040783792729591
-0.037037100800377566 -0.16075937296021378 -0.15342044511554617 -0.25697851785302717 0.036684892803336165 0.5184207036367737 0.25032973328468094 0.04744826087205479 -0.18686837385698304 0.23297354033105777
