-0.5320932279783431 0.3113306934775471 0.4912463137102863 -0.3417909999246807 0.3295975082443816 0.16552437053934177 -0.11199451279802113 0.15293164132340775 -0.1742940935257151 0.23462000133314698
0.05986493615824048 0.263432091346606 -0.1182961803071828 0.2428465940632893 0.31385907508533994 0.46498109884183475 0.46636923036372996 -0.017433992223752807 0.4983884967271902 0.25091895124011837
-0.0180781743316944 0.3520237549358481 -0.052193849847729595 -0.2695931292413198 -0.1938988928376207 -0.5273433179882887 0.3933387481926711 0.4036100276655778 0.29163400345757673 -0.08235563707314822
-0.3309006582813133 0.11194936216478758 -0.11400890512098974 -0.27811261993541697 -0.7377876408689006 0.33567004224914976 0.13135691670321661 -0.2002640723686093 0.04128801035405989 0.0314219238047361
-0.029594529634309506 0.2234158011494215 0.24800820529917014 0.24198951637756616 -0.18171688071899839 -0.25377537115150983 -0.5528897924627393 -0.2266133207226177 0.5698042783694898 0.22031760104394396
-0.5292742765366155 0.05705726047304051 -0.008687862666051198 -0.3405780994423976 -0.03161033805035739
0.3155474796654652 0.25777699570058 0.36796839504188517 0.09669314283800402 0.22093046385477058
0.4948622061091515 -0.12289825895971125 -0.03850576266857332 -0.1277945811232174 0.2461729000131458
-0.34685124461188854 0.24994289553797652 -0.28896885163385766 -0.25934500269725874 0.2447174148601894
0.3410181004563603 0.29574735587619433 -0.14540640293544346 -0.7846687248012331 -0.18743814974329606
0.14467861191974274 0.4983070336136983 -0.6163598534221921 0.4214090874128548 -0.24356685031706737
-0.1088322021855516 0.4610946522300154 0.4074125885148389 0.11819981560002359 -0.5546777633334243
0.1657785140813366 -0.036001649748791685 0.4572663905929799 -0.2526267509777743 -0.23330465836974007
-0.17494708361034436 0.4994536734901192 0.2889827026986753 0.04347729142712569 0.5703987665950558
0.2306137842056017 0.25635258667917776 -0.09811544378030677 0.047459630136877526 0.22240267918128404
0.09562603161692552 -0.1486967484798425 0.40352143516642813 -0.39247012169735823 -0.047214348805071374
0.03425533552471435 -0.2057866042091734 -0.1220314399565556 -0.06424029868555692 -0.25228880145009264 0.49416805777496786 -0.11913045010215105 -0.23661473683056392 0.07390389122293578 0.26316154765682226
