-0.20085020198503742 0.040399210345851734 -0.08942515608188487 -0.2657187532018208 -0.6588665653884536 -0.0032653337458615713 0.01981509086021785 -0.08469922337802427 -0.03394702469815937 -0.0752549560293727
-0.2809139886767356 0.19737719121072006 0.3244563200219455 -0.1995203488531894 0.16121299688991794 -0.09944430997077389 -0.1618995429644582 0.12247958689504773 -0.05937217965495352 0.11177174964000074
0.020733382036336605 0.2811433428425559 0.08386596345547455 0.20537357064662612 0.03663909256511907 -0.03930963719136432 -0.05262627061002564 -0.05968390918897601 0.5629509129133025 0.21176854188799327
0.011583781272709216 -0.11465030420322013 0.19022669234675152 0.1282998888823837 0.10578747519311152 -0.10345593664902517 -0.46368534072302553 -0.1373422212702009 -0.07326796922539303 0.03702589439560586
-0.21050913983711392 0.0982911638544159 0.1322107411073997 0.017697308461359928 0.3341271219371514 0.5594623236875238 0.10850956219102022 -0.07857360823916976 -0.032119639683899054 0.22130139127396886
-0.5411032166973189 -0.7143135770241884 0.022559640694647595 0.0048015230398609065 -0.41907747454409855
0.09072443103437494 0.6806247054449669 0.5545948435108704 -0.5600646183774787 -0.026101370411301988
0.02333352395881733 0.7686392693357685 0.09203109013924915 0.3488398579300251 0.09856597667063492
-0.2994401374474721 -0.8130549606965604 0.37727154735998975 0.5278508835264771 0.0890728920537197
-1.1915218923045696 0.3859009228377244 -0.22075825737608762 -0.23207650819495804 0.09944895880462662
0.4452729234580161 -0.722905879946359 -0.0831807486128548 0.24078740964109954 1.3210600841224234
-0.3280020603452899 -0.028322475959795063 -0.1218905974848061 -1.5229968620770151 -0.008269825143947319
-0.5159236034906703 0.74075325602169 -0.1983327845752103 -0.8983554311329149 -0.5130312288777736
0.060451824857067266 -0.17635944174362148 1.1752407200578003 -0.22346233451649572 -0.13051745382025906
0.11474104423589332 0.12033972800455976 0.3932755255328362 0.13963195462480796 0.378556284722553
-0.13453497452043428 0.31202238638824764 -0.27555850519680497 0.15767649046561663 -0.26582912343515736
0.1500111227442013 -0.07793702542072319 -0.27412748799095504 0.09851516107099619 -0.28377267631965664 0.6060728335798797 0.1154232501867545 -0.2707194863911392 0.44207072777162837 0.34196878966004773
