0.2160195815680416 0.08236667711470456 0.1809035428785076 0.3777032958833872 0.10217396617302296 -0.43495050148502845 -0.5237258558632697 -0.11786348519028257 0.48784262866362144 0.12089766067452498
0.23429567961523723 0.04979691958969005 -0.03264133561601737 0.012661105241103383 0.5568334503082064 -0.32608086059860864 0.34577421548072973 0.4129069666628764 -0.030481356214164076 -0.09800013240042493
-0.3871062915616193 0.3193613037526679 0.4253063489268853 -0.05551015116149853 0.5137792895440889 0.3922249409088023 -0.07643957887625905 0.018337579517554204 0.08455610173857327 0.35540868447361373
0.18397261272136564 0.20706793598606926 -0.30811967752345026 0.2568378091095352 -0.05424395011599818 0.3033621070675717 0.5041552605084747 -0.06397158426432281 0.5983929496149262 0.13593478190035402
-0.321401906786613 0.4325651267423983 0.12801577468248565 -0.3925492892639156 -0.46595840050191895 -0.34958390887474045 0.12285492099236714 0.21179978732890029 0.28011784218511937 0.040023861893741096
0.22025367221313993 0.25239297988751136 -0.39545558776496914 0.1850701890106956 -0.32639266566587566
0.08371094069291492 0.0985631858779641 0.32374472101638757 0.19406714572130326 0.46417606927080507
0.19016062651565457 -0.011761578173290469 0.427882487610696 -0.32339781388845024 0.1499460619447876
0.3854062003495702 -0.05128051270861807 -0.05747014344953204 0.279537819821671 -0.43061164599557916
0.10812444206924568 0.6698980113555877 0.5059416112168488 -0.08318886621117225 -0.42440820940101665
-0.45942411800751953 -0.5099692264947371 0.4001406622253542 0.36370737462814856 -0.4336663962837032
-0.5425925845756854 0.4299907629274202 -0.08036356999237791 0.4981921217697139 0.1563802463678795
-0.12102470785213156 0.5645588602234817 0.01357391417891572 -0.10133999262204718 0.27971797377851954
0.49545188977990123 -0.046835580635978584 0.08493344896012431 0.6049729306567003 0.275288075075511
0.11963618857966415 -0.13870810903332684 0.3596988853044819 0.14520814946654953 0.026479090945023546
0.13026474393783433 0.5453649211405613 -0.04512417761869111 -0.19915763670199535 0.21686560881236489
0.030201970126512084 -0.22501193078533227 -0.12959624738456638 -0.03638536673779863 -0.2869866224799024 0.5539628168695631 -0.1561126901646625 -0.2926950072869213 0.08070574062762294 0.27729194768868165
