-0.07511134848195239 -0.043956174752397166 -0.0783110242594524 -0.2086090529516636 0.6186387723225488 0.24919736718103636 0.5722957025526451 0.2512440200506365 -0.5387827578536637 0.015615797062866319
-0.5286502079324388 0.33065145127977413 0.43444313858701783 -0.34981540362985036 -0.291804847159401 0.001413246398464566 -0.35500989893676893 -0.011230122299281897 0.10819990946850994 0.1423994189141642
-0.04869275688152127 0.0899421372129257 -0.38169835793878987 0.014206233034327677 -0.26409916601660327 0.5814916226136204 0.5262330509167454 -0.3507649338100437 0.15872668832357462 0.1589639741375502
-0.006021435339718043 -0.4044579661223659 -0.028465451763072122 -0.02960557553183133 -0.132448404715317 0.35629620830380554 -0.26878955049754644 -0.24138407847852222 -0.5774359283893827 -0.1305356222080347
0.12013431712473246 -0.19992413918051952 -0.25185327665850143 -0.221833902514719 -0.4091237138281689 -0.32292800886337136 0.22261229265290283 0.23956160589764708 -0.29768623311623704 -0.3339263362867166
-0.24994939395219595 -0.7011511552039346 -0.13194177390115736 -0.07219908915756351 -0.0013004143577982179
0.11285363259135901 0.37602159479943636 0.13259971590264716 -0.5154604038181327 -0.054973495682104724
0.13896351255533776 0.3761307398747516 -0.31490592086500807 0.021271217165887826 -0.3029064742701484
-0.338713221271917 -0.6008691109404275 -0.04635377340895998 0.04841744194672982 -0.47982217560947704
0.5148185089807774 -0.3607327555201404 -0.47230878751954747 -0.128681006817117 -0.6996652027248343
0.2207486326359625 0.09212809501158652 0.6160488603571147 0.4362866818187133 -0.4864127006789419
0.43318245198368505 -0.062114525304901885 0.4893765425298438 -0.505349698618265 0.378577076023092
0.3530952376780114 0.09076653268580741 -0.1926463255883784 -0.4129216250171544 0.28618654676213107
-0.40115122546159937 -0.14613943420731446 0.24651861356326485 -0.6474896602467989 -0.26949656352806617
0.01838783208487322 0.14504213532015098 0.09245361645345751 -0.08599077206219924 -0.38908808809684703
-0.3032484861546639 -0.07425991139382086 0.17171504006847296 -0.1560571350172743 -0.2365910380207598
-0.01394683182392732 -0.16161877912205772 0.01815091180845069 -0.403647939667123 0.020161910146010906 -0.04500478270376229 2.8692293743385006e-05 0.22979023825702719 -0.28212470410342533 0.07294788306747722
