0.11948147804462961 0.10454090439237386 0.02261067819239163 0.1482888839013808 0.3116386240480349 -0.06252798939471588 0.09367450407509044 0.0955448253992179 0.21100867016303526 0.07194126543785935
0.10930542990096534 -0.0583206932439447 0.0419232083372131 0.07826861613364205 -0.05611601795573665 -0.31003331047073174 -0.25686005097548714 -0.017886368353209614 0.043958173603172036 -0.055684182117455155
-0.0010923443245710411 0.13593339678090363 -0.1018669492740559 -0.07119454800193362 -0.29492436423478413 -0.14672072554976726 0.1505839236807623 0.0511224628866619 0.21417940093112886 -0.028724621249746177
0.09028001065186478 -0.09298151838661473 -0.09780060164337337 -0.09666114473515557 0.011013228055394295 -0.17709852877447013 0.1408375251941759 0.15156821088392794 -0.1875085769936737 -0.15508469083717494
0.19775323879070966 -0.1597323707544151 -0.21630176479667318 0.15162443243638143 -0.1254231698682018 0.07409256965175663 0.06653914726488477 -0.11292370242128666 0.030793593475306937 -0.07650155121745089
0.701034874942716 0.4728752189799986 -0.168978749301187 0.43479818106690593 1.1356764173612512
0.40913046394043245 -0.28679120443870443 0.8519075103154617 -0.4400380957695805 -0.9021890640036709
-0.08620954860646113 0.3409049371576013 -0.3137398043352798 -0.43148939474892933 -1.1316718282404754
0.6963917546080757 0.45692222862208254 -0.3915399940398557 -0.617946667897498 1.0465412607386235
1.3462388043528744 -0.2346563322757254 -1.2329333461203769 0.48324866059315424 -0.38454280347791553
-0.3809138063232718 -1.482135837056064 -0.6079115552339256 -0.9528085060866378 0.6508782149242597
0.6562338532538107 -1.4941702972906505 0.7417292623328438 0.976235172785492 0.2783010445350309
0.5003449706484402 -0.18955319597698914 0.2965682754429456 1.0442345830604465 -0.7361690469478557
0.9746103284449452 0.23600242110455188 1.1521534487300105 -1.1684359763885637 0.2560308723824913
0.21266653693669657 -0.20031921051889381 0.016599909228757 -0.8310215671221052 -0.2788214440891071
0.48469125286377013 0.23087339000481244 0.1644812365605144 0.6793760564179898 -0.607905055490096
0.07171955470888156 -0.626418442782166 -0.4075953388894128 0.5226021035259864 -0.9605901298951254 1.6962148764452756 -0.6353226941585662 -1.3377376232716967 0.2899403884553919 0.49479955153426886
