0.7762724454790964 1.3760312045989658 0.24419151361865724 -0.8516430205407863 -1.178902171936467 0.501753434083974 1.4282079175247884 0.7940601533547783 1.1390885557966182 -0.9311450611191637
1.3785213849443556 -1.2572945356140155 -0.5601919082607524 1.9280172268578881 -0.3839081261912371 0.2774209428661034 0.6315813087066443 -1.1413750648695922 0.6969668876528086 -1.0966816005034385
-0.7640925939766366 0.5516388646925661 0.36681762117704364 -1.1066320025307408 -0.11004888859578979 -0.7352780717775175 -1.0167805070988338 0.37668763140640493 -0.4466563587165226 0.578824310599407
0.06524751778207306 1.0289636095153185 0.05585230591859464 -1.0671918881147064 -1.3820270584920242 0.8941608806205554 1.403605337248756 0.4240833037653206 0.5952402880140352 -0.7102991674089216
-0.12664897657163335 1.2857022747045856 0.18181786081771453 0.3826189429369742 -0.6495410624931867 1.6229609163451841 1.0138510345745 -1.5233196830816624 2.1039060198718085 0.30954134819658374
0.2433243998357814 0.10505614786414626 -0.0947809486500901 -0.24297121260646318 -0.06723555431673135
0.29034004208518754 -0.14465183430812437 0.0024841764553884247 -0.27778893683509565 0.11261594992409366
0.010154531554636557 -0.10585729799538317 0.13385605869338188 -0.16468450497042222 0.0686763399179619
0.1125644141099052 0.09793932297123803 -0.04534540220228596 -0.2893225976585513 0.08350430277539846
0.2440644933317501 -0.5596462363589646 -0.8271772987620651 -0.5754770892745846 -0.023381315028690532
-0.6119551557505009 -0.23305236562538623 -0.47093081468146775 0.48293690329698363 0.13471419445484123
0.17016870904832418 -0.2568047611608435 -0.5890890118581664 0.06480446215538647 -0.10738795766122751
0.3341935893166796 -0.20820615538752468 -0.2423120276771633 -0.23297007527138788 -0.12349944789437658
0.5237214221017553 0.0887192639448963 0.22202184455796528 -0.5092783162260378 0.21085332689160796
0.0070397349238146235 -0.13031303203298122 -0.05559879649639108 -0.13203062346665304 0.14170691871905292
1.3210982202125165 0.3557985977610172 -0.999205211446648 0.14221453821949717 1.4533637363213672
-0.16557179205333594 -0.6127599429798127 -0.03338932444664729 -0.4621609769897493 -0.8679863695247125 0.23336121788990352 -0.6311348589845533 -0.3443626040305901 -0.6245794033466752 -0.02142546690135527
