-1.3830167355682337 1.03383741769956 0.7658137348768562 -1.3163980488751774 -0.4874748873130427 0.29412733083584586 -0.2813398238732327 -0.011180214283125321 0.5502403048287847 -0.35729059859997936
-1.7288116272633598 -0.05662015414307068 1.0941504855341704 -0.804129028053562 -0.10432285100606031 0.024891277077979956 -0.23580672483271947 -0.21488207083883362 -0.8086821038837276 -0.3371633618037138
-1.6614340075559775 0.4872425186535966 1.2612939616000411 -0.8670659866221624 0.14816495062044432 0.5246795347069316 0.5937174113752213 0.09225019294678265 -0.6308005332802872 -0.1501543988429144
0.4764922936772093 0.6615415257192294 -0.1421463145566343 -0.2420050189184798 -0.09729479613045658 0.30644410848227244 -0.4202186002319133 -0.6584333032014313 0.6317242881689256 0.13416288903819631
1.8951486079495528 -0.9628083323712152 -1.298885579334607 0.7654286822785479 -0.3546746478255165 0.12164779848219996 0.3086636971721921 0.2881083843271191 -0.4561241414040731 -0.26238496725038574
-0.04511780685447125 -0.11488511685325406 -0.16207714369949888 -0.20849777694610172 -0.020460861248894492
0.2624079038506176 -0.3620370979290505 0.011185550561382629 -0.2251148981291231 -0.18879946361241717
-0.2869563020385573 0.1307741959669196 -0.09989973886760162 -0.05209443962502454 -0.4192446606588212
-0.47823839565195747 0.04081867665548629 0.041501910178810546 0.4883224279501571 -0.16428798040968012
-0.6901657040722783 -0.29368832943144774 0.25617735640990474 -0.30975449063599175 -0.5855741937416922
-0.40126540095955093 0.11460042648486957 0.8752079081074555 1.3330044467438218 0.46489341978347826
0.2285180732181943 -0.7080388792093942 0.6307522240107047 -0.2851104837436409 0.25875323587108756
0.3095489314315959 -0.38421445966204815 -0.12057288242885078 -0.946802395089886 -0.17718538867878345
0.19067441091166176 -0.4429203518786273 -0.07985943239960226 0.14263684642142804 -0.2164777292751291
-0.21298580455462526 -0.07946562882459042 0.19672467873857116 0.39912236029838244 -0.16648334326490213
0.0003839827122473211 -0.1363608028667774 -0.5438395322764839 0.201490657546744 -0.6930059478395049
-0.025741420413233938 -0.21272533549355768 -0.3358181018843171 -0.37098193364536197 -0.17736851186420594 0.6209337585656716 0.37688801467308475 0.06408434265827437 -0.30004550142977454 0.08116290190118622
