0.5008644980486687 -2.2010230125751975 -0.028068058186400173 0.26303589811257766 -1.7747274381722407 -1.0401023423716274 0.3168777273258539 0.6539808645423371 -1.7732142135309805 2.215622924233624
-1.310199059035506 -1.2136287123212801 -0.034978524922124644 0.548071731572125 -0.8506564145327612 -0.32868988742106686 -0.6194990446216758 1.0514639261678138 1.5703233644979226 0.43694482084323066
1.514558750596934 -2.120189908577186 -0.5313436363620213 0.735733184823282 -1.6385124891341156 -0.7025237596790413 0.637565352424828 0.03746317452063501 -1.4085289173867022 2.349376463258896
1.1467835759340559 -1.0333702486648626 -0.47694145998684295 -0.17744485079767708 -1.0750110534298665 -0.8620281607683101 1.5023569009635815 0.02067642348613188 -1.7501844870053316 1.893634941992579
0.4773351561835252 -1.7626192217582495 -0.5355750513790609 0.1344291975786289 -1.8221800532640797 -0.3940385593118299 1.0388382250851125 -0.01743061082955036 -1.23992692966803 2.402357955372818
-0.23582763923030478 0.11926778753845221 0.5032049458794976 0.26597484238058766 -0.4323223645371033
-0.13222205500650389 0.1795624753230229 -0.25899914435543475 0.16831409895554442 0.01558920808866356
0.3224239765980088 0.023539134714193066 -0.23013113046267897 -0.1535311953483756 -0.04465748766499752
-0.26948218846483696 -0.10409961937683632 0.5300954666979446 -0.24980826664080868 -0.1958534471920822
-0.050403800934095015 -0.2458133229891557 0.20991749843919466 0.11329069066913046 -0.4763615371945647
-0.28091497198116844 -0.5190473856171126 -0.052432004898159176 -0.6381570146588508 0.9005659684501168
-0.48849235388944207 0.056249521490200335 -0.14014010260668566 0.6753338781030795 0.12990903687823088
0.02593356059200552 0.165747288669008 -0.17672715927783814 0.5687685354604244 -0.38155659450530155
-0.47411999502725954 0.551438788232336 0.21079389262451764 0.28208098842922186 -0.1007183950479619
-0.07944577389691866 0.11550143481555589 -0.052299148587710564 -0.10477665045878767 0.18946876901262324
-0.129564111740366 -0.6189493177481161 -0.858863356936583 -0.49342543833650454 -0.30192171723254047
0.5163401144740521 -0.04520262193316356 -0.16998343145139833 0.09806151984181663 0.09392421082321797 -0.3396926673137735 0.19021644644063904 0.21730480850825543 0.6186003529239962 0.20907719859247537
