1.0900674500856815 -1.4623236716332797 -0.07115058777026906 1.7544977997979052 0.6531014408928892 -0.5712176798569312 -0.9860007119816537 0.7814776906940277 -0.2889266073108598 0.42805006306136484
0.5582246120771338 -1.250778722877946 0.1809807235858953 1.0156578099697744 0.40240789625325213 -0.9894262755337808 -1.115324899662289 0.7328353674420518 -0.8090025125715173 0.27821030485429044
0.618430789002574 -1.2143224995645954 -0.0004178219761068379 1.0327970139930385 0.9469353967598216 -0.1627767769325611 -0.5577006667634863 0.5143560285570832 -0.922647305469707 0.3680116678345396
-0.9330484061251454 0.8022469086379529 -0.7808636863306454 -2.187794881497773 -1.0430341750758108 0.30274328742392714 1.6553289281879697 -1.1037327084707096 -1.0234383889256689 -0.9574259717750855
-0.47756224755262516 1.3158245434620273 -0.5481697259654907 -1.416272215406677 -0.8325384428619244 0.22973043587105269 1.5878370536225057 -0.5329894463558399 0.6721354527051953 -0.7164826546721851
0.5336406625540558 -0.09483391756321358 -0.03331786215998393 0.04461690944810747 0.2476789067743214
-0.5346670288399156 0.25476267722217916 0.2025200678425477 -0.3601283066087931 0.34631525977022704
-0.7364887936271285 0.33607861362128444 0.1922147116070956 -0.2638540911303466 -0.07825698132205668
0.59995808354025 -0.4470003609407911 -0.24987269002110468 0.04617928275866932 -0.19779747122977354
-0.9630922108281911 0.22495649447427046 1.3024168667226084 -0.5693598687329163 0.6224782757598446
0.39427989697134197 -1.077609497821688 0.025248434457876265 0.31723222419280506 -0.7236358143571558
-0.129220014820634 -0.04613144031135387 0.757990088241351 -0.1637072971541387 0.7769213488789711
-0.7451622066458478 0.6487937726719987 0.7453698891577356 -0.38443245697664685 0.8244243871763877
0.2551969997968642 -0.16175959477709345 -0.3499734611274954 -0.25170763579514316 0.18504374484917344
-0.2177246005783144 -0.19116790799942174 0.035181188913584176 -0.13460609386652914 -0.13527042083521912
-0.5852984245905247 -0.4802474747232621 0.49045790193061367 0.13880740023818222 0.8711731883213122
0.14210242180815355 -0.6320741927119988 -0.3164440868742683 0.23842728410215708 -1.6072524117636717 0.3370504054731121 -1.1480617076793826 -1.055389602791461 0.16412017081231117 0.09106221229564077
