0.2832304094958822 -0.27951969036601887 -0.2734550889641399 0.021613335290241627 0.4444150560889801 0.11105051316635174 0.47637583238077635 0.22971641704092133 -0.4126300422840011 -0.2155437192732446
0.46679068788342654 -0.042281175688147495 -0.40708305761721914 0.4149972763436403 -0.21236770907778252 -0.09499196962712043 0.20937154259282453 -0.12829942372179037 0.5482070212635872 -0.04807071030180599
-0.28643656780756616 0.3833435000561043 -0.10892870386481736 -0.3340534714762513 -0.2642569161600425 0.2431054801537653 0.6312445155150676 0.18324529929900168 0.21662642533309795 0.08431067591620287
0.03734394406340479 -0.23126803063152251 -0.22431920817579787 -0.279296366608103 -0.6754590914889973 -0.36336964488348805 -0.023295658448038995 0.025703382570513564 -0.33099236655954195 -0.337794709060812
0.0883915595844898 0.24716236348278783 0.15305577458958752 -0.06530212934558902 0.19665233722214712 -0.6771786384718179 0.00429874503512718 0.3658675404025959 0.23690005556312216 -0.03506334159110781
0.29613018124928175 0.4756854940541055 -0.2914977340011731 0.036141340021253104 0.09636377715374347
-0.26566918253447613 -0.057463589886858325 0.3975219801478018 -0.22879295118154835 0.30044027242471666
-0.2720940021602063 -0.42007650905817345 -0.10814738838639176 -0.22115541238163916 0.18274703717101892
-0.004969034387067296 0.4369036759518103 -0.3549520699274375 -0.2855950150021693 -0.12543311044509514
0.4920296252787658 -0.23212309318543958 -0.25420648329260137 -0.6694836257278756 0.2990334428161996
0.048878743303465325 -0.05369179287856459 0.23225245010312662 -0.3756632879292065 -0.8582351517739366
0.5253249353030615 0.19465321816419545 0.6624136063409193 -0.019605717085287577 0.06811506994811935
0.2928898071669772 -0.1635393002907425 0.2123804044945332 0.03616273392507337 0.5055438326096496
-0.4245563634747226 0.5565867538350542 0.21294737170723557 -0.33481964271215237 0.22470201022297193
-0.234992443402754 -0.039629967208694224 0.08122434418099453 -0.34154528967556375 -0.07391994733816935
0.16742853172700264 -0.10476467074957602 -0.03878478382013894 0.03579940999246175 0.5514612029433964
0.04179817326583694 -0.21888481731967394 -0.1279215183813323 -0.04954081375997686 -0.2635300326803646 0.5131141608729208 -0.13194271109502403 -0.2584954915162614 0.08154955013466883 0.270760067189295
